22
17425
17426
1223
17428
17429
1224
17459
17460
18
17455
17456
19
17466
17467
1230
17470
17471
1228
17463
17464
1225
17432
17433
1232
17436
17437
20
17452
17453
1229
17865
17866
1227
17867
17868
21
17440
17441
1231
17444
17445
1226
17448
17449
11396
17869
17870
17978
16262
16263
17977
17975
16264
16265
17976
16268
16269
16267
34
35
36
37
38
39
40
11399
16272
16273
16274
16275
16887
16888
16889
28433
28434
28435
28436
28437
28438
28439
28440
28441
28442
28443
28444
11724
11725
11732
11733
11734
11735
11736
11737
11738
11739
11740
11741
47975
48112
45490
45491
45492
45493
46280
46281
46282
46283
46284
46285
46286
46287
45494
45495
45496
45497
46288
46289
46290
46291
46292
46293
46294
46295
45498
45499
45500
45501
46296
46297
46298
46299
46300
46301
46302
46303
45502
45503
45504
45506
46304
46305
46306
46307
46308
46309
46310
46311
45510
45511
45512
45513
46312
46313
46314
46315
46316
46317
46318
46319